Traj       Step  EPO PEPO  ETH PETH PALC  ALC ALK3 ALK2 ALK1  H2O  OH- H3O+ TSum   TO
  00          1   19    0    2    0    0   20    2    1    0  265    0    0  309  309
  00          2   19    0    2    0    0   20    2    1    0  265    0    0  309  309
  00          3   19    0    2    0    0   20    2    1    0  265    0    0  309  309
  00          4   19    0    2    0    0   20    2    1    0  265    0    0  309  309
  00          5   19    0    2    0    0   20    2    1    0  265    0    0  309  309
  00          6   19    0    2    0    0   20    2    1    0  265    0    0  309  309
  00          7   19    0    2    0    0   20    2    1    0  265    0    0  309  309
  00          8   19    0    2    0    0   20    2    1    0  265    0    0  309  309
  00          9   19    0    2    0    0   20    2    1    0  265    0    0  309  309
  00         10   19    0    2    0    0   20    2    1    0  265    0    0  309  309
  00         11   19    0    2    0    0   20    2    1    0  265    0    0  309  309
  00         12   19    0    2    0    0   20    2    1    0  265    0    0  309  309
  00         13   19    0    2    0    0   20    2    1    0  265    0    0  309  309
  00         14   19    0    2    0    0   20    2    1    0  265    0    0  309  309
  00         15   19    0    2    0    0   20    2    1    0  265    0    0  309  309
  00         16   19    0    2    0    0   20    3    0    0  265    0    0  309  309
  00         17   19    0    2    0    0   20    3    0    0  265    0    0  309  309
  00         18   19    0    2    0    0   20    3    0    0  265    0    0  309  309
  00         19   19    0    2    0    0   20    3    0    0  265    0    0  309  309
  00         20   19    0    2    0    0   20    3    0    0  265    0    0  309  309
